1 3.14159265359 5.09295817894 1.27323954474
2 3.14159265359 5.09295817894 1.27323954474
3 3.14159265359 5.09295817894 1.27323954474
4 3.14159265359 5.09295817894 1.27323954474
5 3.14159265359 5.09295817894 1.27323954474
6 3.14159265359 4.24413181578 1.06103295395
7 3.14159265359 4.36539272481 1.0913481812
8 3.14159265359 3.81971863421 0.954929658551
9 3.14159265359 3.96118969473 0.990297423683
10 3.14159265359 4.07436654315 1.01859163579
11 3.14159265359 4.16696578277 1.04174144569
12 3.14159265359 4.24413181578 1.06103295395
13 3.14159265359 3.91766013765 0.979415034412
14 3.14159265359 4.00160999774 1.00040249943
15 3.14159265359 4.07436654315 1.01859163579
16 3.14159265359 4.13802852039 1.0345071301
17 3.14159265359 4.19420085325 1.04855021331
18 3.14159265359 4.24413181578 1.06103295395
19 3.14159265359 4.28880688753 1.07220172188
20 3.14159265359 4.3290144521 1.08225361302
21 3.14159265359 4.12287090676 1.03071772669
22 3.14159265359 4.16696578277 1.04174144569
23 3.14159265359 3.98579335743 0.996448339358
24 3.14159265359 4.03192522499 1.00798130625
25 3.14159265359 4.07436654315 1.01859163579
26 3.14159265359 4.11354314453 1.02838578613
27 3.14159265359 4.14981777543 1.03745444386
28 3.14159265359 4.18350136127 1.04587534032
29 3.14159265359 4.21486194119 1.0537154853
30 3.14159265359 4.07436654315 1.01859163579
31 3.14159265359 3.94293536434 0.985733841085
32 3.14159265359 3.81971863421 0.954929658551
33 3.14159265359 3.85830165071 0.964575412678
34 3.14159265359 3.89461507801 0.973653769503
35 3.14159265359 3.7833403615 0.945835090375
36 3.14159265359 3.81971863421 0.954929658551
37 3.14159265359 3.85413051379 0.963532628448
38 3.14159265359 3.75270602659 0.938176506647
39 3.14159265359 3.65648279514 0.914120698784
40 3.14159265359 3.69239467973 0.923098669933
41 3.14159265359 3.72655476508 0.93163869127
42 3.14159265359 3.63782727067 0.909456817668
43 3.14159265359 3.67166752435 0.917916881088
44 3.14159265359 3.70396958468 0.925992396171
45 3.14159265359 3.73483599789 0.933708999472
46 3.14159265359 3.76436039313 0.941090098283
47 3.14159265359 3.79262843113 0.948157107782
48 3.14159265359 3.81971863421 0.954929658551
49 3.14159265359 3.84570311471 0.961425778678
50 3.14159265359 3.87064821599 0.967662053999
51 3.14159265359 3.89461507801 0.973653769503
52 3.14159265359 3.81971863421 0.954929658551
53 3.14159265359 3.84374202184 0.960935505461
54 3.14159265359 3.77256161403 0.943140403508
55 3.14159265359 3.70396958468 0.925992396171
56 3.14159265359 3.72877295244 0.93219323811
57 3.14159265359 3.75270602659 0.938176506647
58 3.14159265359 3.77581382232 0.94395345558
59 3.14159265359 3.79813830294 0.949534575735
60 3.14159265359 3.81971863421 0.954929658551
61 3.14159265359 3.75710029594 0.939275073985
62 3.14159265359 3.77864639083 0.944661597707
63 3.14159265359 3.7995084827 0.949877120675
64 3.14159265359 3.81971863421 0.954929658551
65 3.14159265359 3.76095373214 0.940238433035
66 3.14159265359 3.7811356177 0.945283904425
67 3.14159265359 3.72470075773 0.931175189433
68 3.14159265359 3.7448221904 0.936205547599
69 3.14159265359 3.76436039313 0.941090098283
70 3.14159265359 3.7833403615 0.945835090375
71 3.14159265359 3.80178568287 0.950446420718
72 3.14159265359 3.74898310394 0.937245775986
73 3.14159265359 3.76739372141 0.941848430352
74 3.14159265359 3.71648299544 0.929120748861
75 3.14159265359 3.73483599789 0.933708999472
76 3.14159265359 3.75270602659 0.938176506647
77 3.14159265359 3.7701118987 0.942527974674
78 3.14159265359 3.78707146639 0.946767866598
79 3.14159265359 3.80360167794 0.950900419486
80 3.14159265359 3.81971863421 0.954929658551
81 3.14159265359 3.77256161403 0.943140403508
82 3.14159265359 3.78866401116 0.947166002791
83 3.14159265359 3.74301745681 0.935754364203
84 3.14159265359 3.75908817969 0.939772044924
85 3.14159265359 3.77478076792 0.94369519198
86 3.14159265359 3.79010841223 0.947527103059
87 3.14159265359 3.80508369691 0.951270924227
88 3.14159265359 3.81971863421 0.954929658551
89 3.14159265359 3.83402469651 0.958506174126
90 3.14159265359 3.84801284631 0.962003211578
91 3.14159265359 3.86169356425 0.965423391063
92 3.14159265359 3.87507687528 0.96876921882
93 3.14159265359 3.88817237317 0.972043093292
94 3.14159265359 3.90098924344 0.975247310861
95 3.14159265359 3.91353628487 0.978384071218
96 3.14159265359 3.9258219296 0.9814554824
97 3.14159265359 3.93785426207 0.984463565517
98 3.14159265359 3.94964103673 0.987410259182
99 3.14159265359 3.96118969473 0.990297423683
99 3.14159265359 3.96118969473 0.990297423683
100 3.14159265359 3.97250737957 0.993126844893
1000 3.14159265359 4.02852991954 1.00713247989
10000 3.14159265359 3.98523977502 0.996309943755
100000 3.14159265359 3.99639335343 0.999098338358
1000000 3.14159265359 3.99420847437 0.998552118594
